#
291Ts 117 174 0
292Ts 117 175 0
293Ts 117 176 0
294Ts 117 177 0
#
289Lv 116 173 0
290Lv 116 174 0
291Lv 116 175 0
292Lv 116 176 0
293Lv 116 177 0
#
287Mc 115 172 0
288Mc 115 173 0
289Mc 115 174 0
290Mc 115 175 0
291Mc 115 176 0
#
285Fl 114 171 0
286Fl 114 172 0
287Fl 114 173 0
288Fl 114 174 0
289Fl 114 175 0
#
278Nh 113 165 0
279Nh 113 166 0
280Nh 113 167 0
281Nh 113 168 0
282Nh 113 169 0
283Nh 113 170 0
284Nh 113 171 0
285Nh 113 172 0
286Nh 113 173 0
287Nh 113 174 0
#
276Cn 112 164 0
277Cn 112 165 0
278Cn 112 166 0
279Cn 112 167 0
280Cn 112 168 0
281Cn 112 169 0
282Cn 112 170 0
283Cn 112 171 0
284Cn 112 172 0
285Cn 112 173 0
#
272Rg 111 161 0
273Rg 111 162 0
274Rg 111 163 0
275Rg 111 164 0
276Rg 111 165 0
277Rg 111 166 0
278Rg 111 167 0
279Rg 111 168 0
280Rg 111 169 0
281Rg 111 170 0
282Rg 111 171 0
283Rg 111 172 0
#
267Ds 110 157 0
268Ds 110 158 0
269Ds 110 159 0
270Ds 110 160 1
271Ds 110 161 1
272Ds 110 162 0
273Ds 110 163 0
274Ds 110 164 0
275Ds 110 165 0
276Ds 110 166 0
277Ds 110 167 0
278Ds 110 168 0
279Ds 110 169 0
280Ds 110 170 0
281Ds 110 171 0
#
265Mt 109 156 0
266Mt 109 157 0
267Mt 109 158 0
268Mt 109 159 0
269Mt 109 160 0
270Mt 109 161 0
271Mt 109 162 0
272Mt 109 163 0
273Mt 109 164 0
274Mt 109 165 0
275Mt 109 166 0
276Mt 109 167 0
277Mt 109 168 0
278Mt 109 169 0
279Mt 109 170 0
#
263Hs 108 155 0
264Hs 108 156 0
265Hs 108 157 1
266Hs 108 158 0
267Hs 108 159 0
268Hs 108 160 0
269Hs 108 161 0
270Hs 108 162 0
271Hs 108 163 0
272Hs 108 164 0
273Hs 108 165 0
274Hs 108 166 0
275Hs 108 167 0
276Hs 108 168 0
277Hs 108 169 0
#
260Bh 107 153 0
261Bh 107 154 0
262Bh 107 155 0
263Bh 107 156 0
264Bh 107 157 0
265Bh 107 158 0
266Bh 107 159 0
267Bh 107 160 0
268Bh 107 161 0
269Bh 107 162 0
270Bh 107 163 0
271Bh 107 164 0
272Bh 107 165 0
273Bh 107 166 0
274Bh 107 167 0
275Bh 107 168 0
#
258Sg 106 152 0
259Sg 106 153 0
260Sg 106 154 0
261Sg 106 155 0
262Sg 106 156 0
263Sg 106 157 0
264Sg 106 158 0
265Sg 106 159 0
266Sg 106 160 0
267Sg 106 161 0
268Sg 106 162 0
269Sg 106 163 0
270Sg 106 164 0
271Sg 106 165 0
272Sg 106 166 0
273Sg 106 167 0
#
255Db 105 150 0
256Db 105 151 0
257Db 105 152 2
258Db 105 153 0
259Db 105 154 0
260Db 105 155 0
261Db 105 156 0
262Db 105 157 0
263Db 105 158 0
264Db 105 159 0
265Db 105 160 0
266Db 105 161 0
267Db 105 162 0
268Db 105 163 0
269Db 105 164 0
270Db 105 165 0
#
253Rf 104 149 0
254Rf 104 150 0
255Rf 104 151 0
256Rf 104 152 0
257Rf 104 153 10
258Rf 104 154 0
259Rf 104 155 0
260Rf 104 156 0
261Rf 104 157 0
262Rf 104 158 0
263Rf 104 159 0
264Rf 104 160 0
265Rf 104 161 0
266Rf 104 162 0
267Rf 104 163 0
268Rf 104 164 0
#
251Lr 103 148 0
252Lr 103 149 0
253Lr 103 150 0
254Lr 103 151 0
255Lr 103 152 1
256Lr 103 153 0
257Lr 103 154 0
258Lr 103 155 0
259Lr 103 156 0
260Lr 103 157 0
261Lr 103 158 0
262Lr 103 159 0
263Lr 103 160 0
264Lr 103 161 0
265Lr 103 162 0
266Lr 103 163 0
#
248No 102 146 0
249No 102 147 0
250No 102 148 1
251No 102 149 2
252No 102 150 0
253No 102 151 3
254No 102 152 0
255No 102 153 0
256No 102 154 0
257No 102 155 0
258No 102 156 0
259No 102 157 0
260No 102 158 0
261No 102 159 0
262No 102 160 0
263No 102 161 0
264No 102 162 0
#
245Md 101 144 1
246Md 101 145 0
247Md 101 146 0
248Md 101 147 0
249Md 101 148 0
250Md 101 149 0
251Md 101 150 0
252Md 101 151 0
253Md 101 152 0
254Md 101 153 0
255Md 101 154 0
256Md 101 155 0
257Md 101 156 0
258Md 101 157 0
259Md 101 158 0
260Md 101 159 0
261Md 101 160 0
262Md 101 161 0
#
241Fm 100 141 0
242Fm 100 142 0
243Fm 100 143 0
244Fm 100 144 0
245Fm 100 145 0
246Fm 100 146 0
247Fm 100 147 0
248Fm 100 148 0
249Fm 100 149 0
250Fm 100 150 0
251Fm 100 151 9
252Fm 100 152 0
253Fm 100 153 0
254Fm 100 154 0
255Fm 100 155 0
256Fm 100 156 22
257Fm 100 157 0
258Fm 100 158 0
259Fm 100 159 0
260Fm 100 160 0
#
239Es 99 140 0
240Es 99 141 0
241Es 99 142 0
242Es 99 143 0
243Es 99 144 0
244Es 99 145 0
245Es 99 146 0
246Es 99 147 0
247Es 99 148 0
248Es 99 149 0
249Es 99 150 0
250Es 99 151 0
251Es 99 152 0
252Es 99 153 0
253Es 99 154 0
254Es 99 155 2
255Es 99 156 0
256Es 99 157 0
257Es 99 158 0
258Es 99 159 0
#
237Cf 98 139 0
238Cf 98 140 0
239Cf 98 141 0
240Cf 98 142 0
241Cf 98 143 0
242Cf 98 144 0
243Cf 98 145 0
244Cf 98 146 0
245Cf 98 147 0
246Cf 98 148 2
247Cf 98 149 0
248Cf 98 150 0
249Cf 98 151 3
250Cf 98 152 9
251Cf 98 153 15
252Cf 98 154 1
253Cf 98 155 0
254Cf 98 156 0
255Cf 98 157 0
256Cf 98 158 0
#
234Bk 97 137 0
235Bk 97 138 0
236Bk 97 139 0
237Bk 97 140 0
238Bk 97 141 0
239Bk 97 142 0
240Bk 97 143 0
241Bk 97 144 0
242Bk 97 145 0
243Bk 97 146 4
244Bk 97 147 0
245Bk 97 148 1
246Bk 97 149 0
247Bk 97 150 0
248Bk 97 151 0
249Bk 97 152 5
250Bk 97 153 17
251Bk 97 154 2
252Bk 97 155 0
253Bk 97 156 0
254Bk 97 157 0
#
232Cm 96 136 0
233Cm 96 137 0
234Cm 96 138 0
235Cm 96 139 0
236Cm 96 140 0
237Cm 96 141 0
238Cm 96 142 0
239Cm 96 143 0
240Cm 96 144 3
241Cm 96 145 7
242Cm 96 146 4
243Cm 96 147 30
244Cm 96 148 9
245Cm 96 149 40
246Cm 96 150 1
247Cm 96 151 14
248Cm 96 152 40
249Cm 96 153 16
250Cm 96 154 0
251Cm 96 155 0
252Cm 96 156 0
#
230Am 95 135 0
231Am 95 136 0
232Am 95 137 0
233Am 95 138 0
234Am 95 139 0
235Am 95 140 0
236Am 95 141 0
237Am 95 142 1
238Am 95 143 1
239Am 95 144 11
240Am 95 145 40
241Am 95 146 40
242Am 95 147 40
243Am 95 148 29
244Am 95 149 1
245Am 95 150 21
246Am 95 151 2
247Am 95 152 0
248Am 95 153 0
249Am 95 154 0
#
228Pu 94 134 0
229Pu 94 135 0
230Pu 94 136 0
231Pu 94 137 0
232Pu 94 138 0
233Pu 94 139 0
234Pu 94 140 1
235Pu 94 141 1
236Pu 94 142 16
237Pu 94 143 40
238Pu 94 144 40
239Pu 94 145 40
240Pu 94 146 36
241Pu 94 147 40
242Pu 94 148 40
243Pu 94 149 40
244Pu 94 150 32
245Pu 94 151 24
246Pu 94 152 0
247Pu 94 153 0
#
219Np 93 126 0
220Np 93 127 0
221Np 93 128 0
222Np 93 129 0
223Np 93 130 0
224Np 93 131 0
225Np 93 132 0
226Np 93 133 0
227Np 93 134 0
228Np 93 135 0
229Np 93 136 0
230Np 93 137 0
231Np 93 138 0
232Np 93 139 0
233Np 93 140 0
234Np 93 141 0
235Np 93 142 2
236Np 93 143 0
237Np 93 144 40
238Np 93 145 40
239Np 93 146 4
240Np 93 147 0
241Np 93 148 0
242Np 93 149 0
243Np 93 150 0
244Np 93 151 0
245Np 93 152 0
#
217U 92 125 0
218U 92 126 1
219U 92 127 0
220U 92 128 0
221U 92 129 0
222U 92 130 0
223U 92 131 0
224U 92 132 0
225U 92 133 0
226U 92 134 0
227U 92 135 0
228U 92 136 0
229U 92 137 0
230U 92 138 1
231U 92 139 0
232U 92 140 20
233U 92 141 18
234U 92 142 40
235U 92 143 40
236U 92 144 40
237U 92 145 9
238U 92 146 40
239U 92 147 3
240U 92 148 0
241U 92 149 0
242U 92 150 0
243U 92 151 0
#
212Pa 91 121 0
213Pa 91 122 0
214Pa 91 123 0
215Pa 91 124 0
216Pa 91 125 0
217Pa 91 126 1
218Pa 91 127 0
219Pa 91 128 0
220Pa 91 129 0
221Pa 91 130 0
222Pa 91 131 0
223Pa 91 132 0
224Pa 91 133 0
225Pa 91 134 0
226Pa 91 135 0
227Pa 91 136 0
228Pa 91 137 0
229Pa 91 138 0
230Pa 91 139 0
231Pa 91 140 12
232Pa 91 141 0
233Pa 91 142 4
234Pa 91 143 0
235Pa 91 144 0
236Pa 91 145 0
237Pa 91 146 0
238Pa 91 147 0
239Pa 91 148 0
240Pa 91 149 0
241Pa 91 150 0
#
208Th 90 118 0
209Th 90 119 0
210Th 90 120 0
211Th 90 121 0
212Th 90 122 0
213Th 90 123 0
214Th 90 124 4
215Th 90 125 0
216Th 90 126 9
217Th 90 127 1
218Th 90 128 5
219Th 90 129 0
220Th 90 130 0
221Th 90 131 0
222Th 90 132 5
223Th 90 133 0
224Th 90 134 1
225Th 90 135 0
226Th 90 136 1
227Th 90 137 0
228Th 90 138 23
229Th 90 139 40
230Th 90 140 21
231Th 90 141 33
232Th 90 142 40
233Th 90 143 40
234Th 90 144 1
235Th 90 145 0
236Th 90 146 0
237Th 90 147 0
238Th 90 148 0
239Th 90 149 0
#
206Ac 89 117 0
207Ac 89 118 0
208Ac 89 119 1
209Ac 89 120 0
210Ac 89 121 0
211Ac 89 122 0
212Ac 89 123 0
213Ac 89 124 0
214Ac 89 125 0
215Ac 89 126 3
216Ac 89 127 1
217Ac 89 128 10
218Ac 89 129 0
219Ac 89 130 0
220Ac 89 131 0
221Ac 89 132 0
222Ac 89 133 0
223Ac 89 134 10
224Ac 89 135 0
225Ac 89 136 2
226Ac 89 137 0
227Ac 89 138 19
228Ac 89 139 0
229Ac 89 140 0
230Ac 89 141 0
231Ac 89 142 23
232Ac 89 143 0
233Ac 89 144 0
234Ac 89 145 0
235Ac 89 146 0
236Ac 89 147 0
237Ac 89 148 0
#
201Ra 88 113 0
202Ra 88 114 0
203Ra 88 115 0
204Ra 88 116 0
205Ra 88 117 0
206Ra 88 118 4
207Ra 88 119 1
208Ra 88 120 6
209Ra 88 121 0
210Ra 88 122 1
211Ra 88 123 5
212Ra 88 124 7
213Ra 88 125 5
214Ra 88 126 38
215Ra 88 127 8
216Ra 88 128 18
217Ra 88 129 31
218Ra 88 130 29
219Ra 88 131 0
220Ra 88 132 0
221Ra 88 133 0
222Ra 88 134 3
223Ra 88 135 21
224Ra 88 136 3
225Ra 88 137 3
226Ra 88 138 2
227Ra 88 139 28
228Ra 88 140 1
229Ra 88 141 7
230Ra 88 142 0
231Ra 88 143 13
232Ra 88 144 0
233Ra 88 145 0
234Ra 88 146 0
235Ra 88 147 0
#
199Fr 87 112 0
200Fr 87 113 0
201Fr 87 114 0
202Fr 87 115 0
203Fr 87 116 0
204Fr 87 117 2
205Fr 87 118 0
206Fr 87 119 0
207Fr 87 120 0
208Fr 87 121 2
209Fr 87 122 0
210Fr 87 123 0
211Fr 87 124 27
212Fr 87 125 40
213Fr 87 126 40
214Fr 87 127 13
215Fr 87 128 21
216Fr 87 129 1
217Fr 87 130 0
218Fr 87 131 2
219Fr 87 132 0
220Fr 87 133 0
221Fr 87 134 13
222Fr 87 135 0
223Fr 87 136 0
224Fr 87 137 0
225Fr 87 138 0
226Fr 87 139 0
227Fr 87 140 20
228Fr 87 141 0
229Fr 87 142 0
230Fr 87 143 0
231Fr 87 144 0
232Fr 87 145 0
233Fr 87 146 0
#
193Rn 86 107 0
194Rn 86 108 0
195Rn 86 109 1
196Rn 86 110 0
197Rn 86 111 0
198Rn 86 112 0
199Rn 86 113 1
200Rn 86 114 0
201Rn 86 115 0
202Rn 86 116 0
203Rn 86 117 1
204Rn 86 118 26
205Rn 86 119 0
206Rn 86 120 18
207Rn 86 121 7
208Rn 86 122 37
209Rn 86 123 33
210Rn 86 124 4
211Rn 86 125 1
212Rn 86 126 25
213Rn 86 127 7
214Rn 86 128 40
215Rn 86 129 0
216Rn 86 130 0
217Rn 86 131 4
218Rn 86 132 1
219Rn 86 133 11
220Rn 86 134 1
221Rn 86 135 0
222Rn 86 136 1
223Rn 86 137 0
224Rn 86 138 0
225Rn 86 139 0
226Rn 86 140 0
227Rn 86 141 0
228Rn 86 142 0
229Rn 86 143 0
230Rn 86 144 0
231Rn 86 145 0
#
191At 85 106 1
192At 85 107 0
193At 85 108 2
194At 85 109 0
195At 85 110 0
196At 85 111 1
197At 85 112 1
198At 85 113 0
199At 85 114 1
200At 85 115 3
201At 85 116 2
202At 85 117 0
203At 85 118 0
204At 85 119 1
205At 85 120 18
206At 85 121 0
207At 85 122 33
208At 85 123 37
209At 85 124 33
210At 85 125 40
211At 85 126 40
212At 85 127 40
213At 85 128 5
214At 85 129 6
215At 85 130 0
216At 85 131 16
217At 85 132 2
218At 85 133 0
219At 85 134 0
220At 85 135 0
221At 85 136 0
222At 85 137 0
223At 85 138 0
224At 85 139 0
225At 85 140 0
226At 85 141 0
227At 85 142 0
228At 85 143 0
229At 85 144 0
#
186Po 84 102 0
187Po 84 103 0
188Po 84 104 0
189Po 84 105 0
190Po 84 106 0
191Po 84 107 1
192Po 84 108 6
193Po 84 109 0
194Po 84 110 12
195Po 84 111 2
196Po 84 112 15
197Po 84 113 2
198Po 84 114 14
199Po 84 115 2
200Po 84 116 33
201Po 84 117 3
202Po 84 118 0
203Po 84 119 40
204Po 84 120 40
205Po 84 121 40
206Po 84 122 40
207Po 84 123 31
208Po 84 124 40
209Po 84 125 37
210Po 84 126 40
211Po 84 127 40
212Po 84 128 30
213Po 84 129 2
214Po 84 130 5
215Po 84 131 3
216Po 84 132 0
217Po 84 133 0
218Po 84 134 0
219Po 84 135 0
220Po 84 136 0
221Po 84 137 0
222Po 84 138 0
223Po 84 139 0
224Po 84 140 0
225Po 84 141 0
226Po 84 142 0
227Po 84 143 0
#
184Bi 83 101 0
185Bi 83 102 0
186Bi 83 103 0
187Bi 83 104 3
188Bi 83 105 0
189Bi 83 106 3
190Bi 83 107 0
191Bi 83 108 4
192Bi 83 109 1
193Bi 83 110 3
194Bi 83 111 0
195Bi 83 112 6
196Bi 83 113 3
197Bi 83 114 17
198Bi 83 115 0
199Bi 83 116 22
200Bi 83 117 2
201Bi 83 118 26
202Bi 83 119 0
203Bi 83 120 40
204Bi 83 121 38
205Bi 83 122 40
206Bi 83 123 35
207Bi 83 124 40
208Bi 83 125 40
209Bi 83 126 40
210Bi 83 127 11
211Bi 83 128 21
212Bi 83 129 12
213Bi 83 130 0
214Bi 83 131 6
215Bi 83 132 3
216Bi 83 133 0
217Bi 83 134 0
218Bi 83 135 0
219Bi 83 136 0
220Bi 83 137 0
221Bi 83 138 0
222Bi 83 139 0
223Bi 83 140 0
224Bi 83 141 0
#
178Pb 82 96 0
179Pb 82 97 0
180Pb 82 98 0
181Pb 82 99 0
182Pb 82 100 0
183Pb 82 101 1
184Pb 82 102 0
185Pb 82 103 0
186Pb 82 104 0
187Pb 82 105 4
188Pb 82 106 18
189Pb 82 107 0
190Pb 82 108 28
191Pb 82 109 0
192Pb 82 110 21
193Pb 82 111 0
194Pb 82 112 40
195Pb 82 113 36
196Pb 82 114 40
197Pb 82 115 40
198Pb 82 116 40
199Pb 82 117 0
200Pb 82 118 39
201Pb 82 119 36
202Pb 82 120 39
203Pb 82 121 40
204Pb 82 122 40
205Pb 82 123 40
206Pb 82 124 40
207Pb 82 125 40
208Pb 82 126 40
209Pb 82 127 5
210Pb 82 128 4
211Pb 82 129 9
212Pb 82 130 0
213Pb 82 131 0
214Pb 82 132 0
215Pb 82 133 0
216Pb 82 134 0
217Pb 82 135 0
218Pb 82 136 0
219Pb 82 137 0
220Pb 82 138 0
#
176Tl 81 95 0
177Tl 81 96 1
178Tl 81 97 0
179Tl 81 98 0
180Tl 81 99 0
181Tl 81 100 2
182Tl 81 101 0
183Tl 81 102 4
184Tl 81 103 0
185Tl 81 104 8
186Tl 81 105 0
187Tl 81 106 36
188Tl 81 107 0
189Tl 81 108 40
190Tl 81 109 0
191Tl 81 110 0
192Tl 81 111 5
193Tl 81 112 0
194Tl 81 113 0
195Tl 81 114 2
196Tl 81 115 9
197Tl 81 116 40
198Tl 81 117 14
199Tl 81 118 3
200Tl 81 119 15
201Tl 81 120 34
202Tl 81 121 14
203Tl 81 122 40
204Tl 81 123 29
205Tl 81 124 40
206Tl 81 125 40
207Tl 81 126 2
208Tl 81 127 2
209Tl 81 128 0
210Tl 81 129 0
211Tl 81 130 0
212Tl 81 131 0
213Tl 81 132 0
214Tl 81 133 0
215Tl 81 134 0
216Tl 81 135 0
217Tl 81 136 0
218Tl 81 137 0
#
171Hg 80 91 0
172Hg 80 92 0
173Hg 80 93 0
174Hg 80 94 0
175Hg 80 95 2
176Hg 80 96 0
177Hg 80 97 0
178Hg 80 98 0
179Hg 80 99 3
180Hg 80 100 0
181Hg 80 101 0
182Hg 80 102 34
183Hg 80 103 5
184Hg 80 104 40
185Hg 80 105 4
186Hg 80 106 26
187Hg 80 107 2
188Hg 80 108 29
189Hg 80 109 1
190Hg 80 110 28
191Hg 80 111 1
192Hg 80 112 40
193Hg 80 113 30
194Hg 80 114 40
195Hg 80 115 40
196Hg 80 116 29
197Hg 80 117 40
198Hg 80 118 40
199Hg 80 119 7
200Hg 80 120 40
201Hg 80 121 13
202Hg 80 122 40
203Hg 80 123 10
204Hg 80 124 21
205Hg 80 125 8
206Hg 80 126 6
207Hg 80 127 0
208Hg 80 128 0
209Hg 80 129 0
210Hg 80 130 2
211Hg 80 131 0
212Hg 80 132 0
213Hg 80 133 0
214Hg 80 134 0
215Hg 80 135 0
216Hg 80 136 0
#
169Au 79 90 0
170Au 79 91 1
171Au 79 92 1
172Au 79 93 0
173Au 79 94 1
174Au 79 95 0
175Au 79 96 0
176Au 79 97 0
177Au 79 98 0
178Au 79 99 0
179Au 79 100 0
180Au 79 101 0
181Au 79 102 0
182Au 79 103 6
183Au 79 104 8
184Au 79 105 22
185Au 79 106 40
186Au 79 107 10
187Au 79 108 40
188Au 79 109 4
189Au 79 110 40
190Au 79 111 5
191Au 79 112 40
192Au 79 113 27
193Au 79 114 40
194Au 79 115 8
195Au 79 116 40
196Au 79 117 40
197Au 79 118 19
198Au 79 119 40
199Au 79 120 11
200Au 79 121 11
201Au 79 122 0
202Au 79 123 0
203Au 79 124 3
204Au 79 125 0
205Au 79 126 0
206Au 79 127 0
207Au 79 128 0
208Au 79 129 0
209Au 79 130 0
210Au 79 131 0
#
166Pt 78 88 0
167Pt 78 89 0
168Pt 78 90 0
169Pt 78 91 0
170Pt 78 92 0
171Pt 78 93 2
172Pt 78 94 0
173Pt 78 95 0
174Pt 78 96 0
175Pt 78 97 0
176Pt 78 98 5
177Pt 78 99 4
178Pt 78 100 5
179Pt 78 101 0
180Pt 78 102 5
181Pt 78 103 7
182Pt 78 104 0
183Pt 78 105 5
184Pt 78 106 40
185Pt 78 107 4
186Pt 78 108 40
187Pt 78 109 12
188Pt 78 110 40
189Pt 78 111 5
190Pt 78 112 38
191Pt 78 113 40
192Pt 78 114 40
193Pt 78 115 40
194Pt 78 116 40
195Pt 78 117 40
196Pt 78 118 40
197Pt 78 119 9
198Pt 78 120 40
199Pt 78 121 8
200Pt 78 122 0
201Pt 78 123 0
202Pt 78 124 3
203Pt 78 125 0
204Pt 78 126 2
205Pt 78 127 0
206Pt 78 128 0
#
164Ir 77 87 0
165Ir 77 88 1
166Ir 77 89 1
167Ir 77 90 1
168Ir 77 91 0
169Ir 77 92 1
170Ir 77 93 0
171Ir 77 94 0
172Ir 77 95 2
173Ir 77 96 0
174Ir 77 97 1
175Ir 77 98 0
176Ir 77 99 0
177Ir 77 100 0
178Ir 77 101 0
179Ir 77 102 0
180Ir 77 103 0
181Ir 77 104 40
182Ir 77 105 13
183Ir 77 106 0
184Ir 77 107 19
185Ir 77 108 17
186Ir 77 109 0
187Ir 77 110 10
188Ir 77 111 11
189Ir 77 112 40
190Ir 77 113 37
191Ir 77 114 26
192Ir 77 115 19
193Ir 77 116 27
194Ir 77 117 7
195Ir 77 118 2
196Ir 77 119 4
197Ir 77 120 2
198Ir 77 121 1
199Ir 77 122 0
200Ir 77 123 0
201Ir 77 124 0
202Ir 77 125 0
203Ir 77 126 0
204Ir 77 127 0
#
161Os 76 85 0
162Os 76 86 0
163Os 76 87 0
164Os 76 88 0
165Os 76 89 0
166Os 76 90 0
167Os 76 91 5
168Os 76 92 0
169Os 76 93 0
170Os 76 94 0
171Os 76 95 0
172Os 76 96 40
173Os 76 97 2
174Os 76 98 40
175Os 76 99 3
176Os 76 100 0
177Os 76 101 7
178Os 76 102 1
179Os 76 103 7
180Os 76 104 40
181Os 76 105 40
182Os 76 106 40
183Os 76 107 2
184Os 76 108 40
185Os 76 109 40
186Os 76 110 40
187Os 76 111 8
188Os 76 112 40
189Os 76 113 19
190Os 76 114 40
191Os 76 115 40
192Os 76 116 40
193Os 76 117 0
194Os 76 118 0
195Os 76 119 3
196Os 76 120 0
197Os 76 121 0
198Os 76 122 0
199Os 76 123 0
200Os 76 124 0
201Os 76 125 0
202Os 76 126 0
#
159Re 75 84 0
160Re 75 85 0
161Re 75 86 1
162Re 75 87 1
163Re 75 88 1
164Re 75 89 0
165Re 75 90 1
166Re 75 91 0
167Re 75 92 2
168Re 75 93 0
169Re 75 94 0
170Re 75 95 0
171Re 75 96 0
172Re 75 97 0
173Re 75 98 0
174Re 75 99 0
175Re 75 100 38
176Re 75 101 0
177Re 75 102 3
178Re 75 103 0
179Re 75 104 40
180Re 75 105 1
181Re 75 106 40
182Re 75 107 18
183Re 75 108 40
184Re 75 109 40
185Re 75 110 40
186Re 75 111 16
187Re 75 112 40
188Re 75 113 40
189Re 75 114 0
190Re 75 115 3
191Re 75 116 0
192Re 75 117 2
193Re 75 118 0
194Re 75 119 0
195Re 75 120 0
196Re 75 121 0
197Re 75 122 0
198Re 75 123 0
#
157W 74 83 0
158W 74 84 1
159W 74 85 0
160W 74 86 0
161W 74 87 0
162W 74 88 0
163W 74 89 3
164W 74 90 0
165W 74 91 0
166W 74 92 0
167W 74 93 0
168W 74 94 36
169W 74 95 0
170W 74 96 40
171W 74 97 0
172W 74 98 34
173W 74 99 1
174W 74 100 28
175W 74 101 5
176W 74 102 40
177W 74 103 40
178W 74 104 40
179W 74 105 40
180W 74 106 40
181W 74 107 40
182W 74 108 40
183W 74 109 32
184W 74 110 40
185W 74 111 7
186W 74 112 40
187W 74 113 9
188W 74 114 0
189W 74 115 0
190W 74 116 6
191W 74 117 0
192W 74 118 0
193W 74 119 0
194W 74 120 0
#
155Ta 73 82 0
156Ta 73 83 1
157Ta 73 84 2
158Ta 73 85 1
159Ta 73 86 1
160Ta 73 87 1
161Ta 73 88 0
162Ta 73 89 0
163Ta 73 90 0
164Ta 73 91 0
165Ta 73 92 0
166Ta 73 93 0
167Ta 73 94 0
168Ta 73 95 0
169Ta 73 96 8
170Ta 73 97 0
171Ta 73 98 26
172Ta 73 99 0
173Ta 73 100 0
174Ta 73 101 0
175Ta 73 102 40
176Ta 73 103 7
177Ta 73 104 40
178Ta 73 105 0
179Ta 73 106 40
180Ta 73 107 40
181Ta 73 108 40
182Ta 73 109 29
183Ta 73 110 1
184Ta 73 111 0
185Ta 73 112 2
186Ta 73 113 0
187Ta 73 114 0
188Ta 73 115 0
189Ta 73 116 0
190Ta 73 117 0
191Ta 73 118 0
192Ta 73 119 0
#
153Hf 72 81 0
154Hf 72 82 0
155Hf 72 83 0
156Hf 72 84 4
157Hf 72 85 10
158Hf 72 86 0
159Hf 72 87 0
160Hf 72 88 0
161Hf 72 89 0
162Hf 72 90 1
163Hf 72 91 0
164Hf 72 92 32
165Hf 72 93 0
166Hf 72 94 30
167Hf 72 95 0
168Hf 72 96 40
169Hf 72 97 40
170Hf 72 98 40
171Hf 72 99 40
172Hf 72 100 40
173Hf 72 101 40
174Hf 72 102 40
175Hf 72 103 40
176Hf 72 104 40
177Hf 72 105 40
178Hf 72 106 40
179Hf 72 107 40
180Hf 72 108 40
181Hf 72 109 40
182Hf 72 110 26
183Hf 72 111 0
184Hf 72 112 5
185Hf 72 113 0
186Hf 72 114 0
187Hf 72 115 0
188Hf 72 116 0
189Hf 72 117 0
#
150Lu 71 79 1
151Lu 71 80 1
152Lu 71 81 0
153Lu 71 82 9
154Lu 71 83 0
155Lu 71 84 4
156Lu 71 85 0
157Lu 71 86 1
158Lu 71 87 0
159Lu 71 88 0
160Lu 71 89 0
161Lu 71 90 0
162Lu 71 91 0
163Lu 71 92 40
164Lu 71 93 0
165Lu 71 94 0
166Lu 71 95 15
167Lu 71 96 0
168Lu 71 97 1
169Lu 71 98 1
170Lu 71 99 10
171Lu 71 100 16
172Lu 71 101 16
173Lu 71 102 13
174Lu 71 103 17
175Lu 71 104 40
176Lu 71 105 40
177Lu 71 106 40
178Lu 71 107 3
179Lu 71 108 6
180Lu 71 109 10
181Lu 71 110 0
182Lu 71 111 0
183Lu 71 112 0
184Lu 71 113 0
185Lu 71 114 0
#
148Yb 70 78 0
149Yb 70 79 0
150Yb 70 80 0
151Yb 70 81 0
152Yb 70 82 6
153Yb 70 83 2
154Yb 70 84 9
155Yb 70 85 0
156Yb 70 86 6
157Yb 70 87 3
158Yb 70 88 2
159Yb 70 89 0
160Yb 70 90 40
161Yb 70 91 32
162Yb 70 92 40
163Yb 70 93 40
164Yb 70 94 40
165Yb 70 95 15
166Yb 70 96 40
167Yb 70 97 29
168Yb 70 98 40
169Yb 70 99 6
170Yb 70 100 40
171Yb 70 101 23
172Yb 70 102 40
173Yb 70 103 40
174Yb 70 104 40
175Yb 70 105 40
176Yb 70 106 40
177Yb 70 107 6
178Yb 70 108 0
179Yb 70 109 0
180Yb 70 110 0
181Yb 70 111 0
#
144Tm 69 75 0
145Tm 69 76 0
146Tm 69 77 1
147Tm 69 78 1
148Tm 69 79 0
149Tm 69 80 0
150Tm 69 81 5
151Tm 69 82 16
152Tm 69 83 7
153Tm 69 84 1
154Tm 69 85 0
155Tm 69 86 1
156Tm 69 87 0
157Tm 69 88 0
158Tm 69 89 1
159Tm 69 90 40
160Tm 69 91 6
161Tm 69 92 40
162Tm 69 93 3
163Tm 69 94 40
164Tm 69 95 0
165Tm 69 96 40
166Tm 69 97 1
167Tm 69 98 10
168Tm 69 99 0
169Tm 69 100 40
170Tm 69 101 7
171Tm 69 102 9
172Tm 69 103 11
173Tm 69 104 4
174Tm 69 105 0
175Tm 69 106 0
176Tm 69 107 0
177Tm 69 108 0
178Tm 69 109 0
179Tm 69 110 0
#
142Er 68 74 0
143Er 68 75 0
144Er 68 76 0
145Er 68 77 2
146Er 68 78 0
147Er 68 79 0
148Er 68 80 8
149Er 68 81 9
150Er 68 82 28
151Er 68 83 40
152Er 68 84 40
153Er 68 85 33
154Er 68 86 10
155Er 68 87 34
156Er 68 88 40
157Er 68 89 4
158Er 68 90 40
159Er 68 91 38
160Er 68 92 40
161Er 68 93 14
162Er 68 94 25
163Er 68 95 17
164Er 68 96 40
165Er 68 97 40
166Er 68 98 40
167Er 68 99 40
168Er 68 100 40
169Er 68 101 7
170Er 68 102 40
171Er 68 103 3
172Er 68 104 0
173Er 68 105 0
174Er 68 106 0
175Er 68 107 0
176Er 68 108 0
177Er 68 109 0
#
140Ho 67 73 0
141Ho 67 74 1
142Ho 67 75 0
143Ho 67 76 0
144Ho 67 77 3
145Ho 67 78 0
146Ho 67 79 0
147Ho 67 80 14
148Ho 67 81 0
149Ho 67 82 40
150Ho 67 83 0
151Ho 67 84 40
152Ho 67 85 31
153Ho 67 86 40
154Ho 67 87 0
155Ho 67 88 2
156Ho 67 89 4
157Ho 67 90 40
158Ho 67 91 7
159Ho 67 92 3
160Ho 67 93 4
161Ho 67 94 22
162Ho 67 95 6
163Ho 67 96 40
164Ho 67 97 14
165Ho 67 98 21
166Ho 67 99 40
167Ho 67 100 3
168Ho 67 101 4
169Ho 67 102 0
170Ho 67 103 1
171Ho 67 104 0
172Ho 67 105 0
173Ho 67 106 0
174Ho 67 107 0
175Ho 67 108 0
#
138Dy 66 72 0
139Dy 66 73 0
140Dy 66 74 5
141Dy 66 75 0
142Dy 66 76 0
143Dy 66 77 5
144Dy 66 78 0
145Dy 66 79 2
146Dy 66 80 8
147Dy 66 81 20
148Dy 66 82 9
149Dy 66 83 40
150Dy 66 84 40
151Dy 66 85 40
152Dy 66 86 40
153Dy 66 87 40
154Dy 66 88 40
155Dy 66 89 40
156Dy 66 90 40
157Dy 66 91 40
158Dy 66 92 40
159Dy 66 93 9
160Dy 66 94 40
161Dy 66 95 40
162Dy 66 96 40
163Dy 66 97 40
164Dy 66 98 40
165Dy 66 99 8
166Dy 66 100 0
167Dy 66 101 0
168Dy 66 102 0
169Dy 66 103 0
170Dy 66 104 0
171Dy 66 105 0
172Dy 66 106 0
173Dy 66 107 0
#
135Tb 65 70 0
136Tb 65 71 0
137Tb 65 72 0
138Tb 65 73 0
139Tb 65 74 0
140Tb 65 75 0
141Tb 65 76 0
142Tb 65 77 8
143Tb 65 78 0
144Tb 65 79 8
145Tb 65 80 0
146Tb 65 81 0
147Tb 65 82 40
148Tb 65 83 40
149Tb 65 84 40
150Tb 65 85 6
151Tb 65 86 4
152Tb 65 87 32
153Tb 65 88 17
154Tb 65 89 0
155Tb 65 90 4
156Tb 65 91 3
157Tb 65 92 4
158Tb 65 93 19
159Tb 65 94 40
160Tb 65 95 8
161Tb 65 96 13
162Tb 65 97 0
163Tb 65 98 0
164Tb 65 99 0
165Tb 65 100 0
166Tb 65 101 0
167Tb 65 102 0
168Tb 65 103 0
169Tb 65 104 0
170Tb 65 105 0
171Tb 65 106 0
#
133Gd 64 69 0
134Gd 64 70 0
135Gd 64 71 0
136Gd 64 72 0
137Gd 64 73 0
138Gd 64 74 8
139Gd 64 75 0
140Gd 64 76 0
141Gd 64 77 4
142Gd 64 78 40
143Gd 64 79 2
144Gd 64 80 21
145Gd 64 81 18
146Gd 64 82 40
147Gd 64 83 40
148Gd 64 84 40
149Gd 64 85 40
150Gd 64 86 7
151Gd 64 87 17
152Gd 64 88 8
153Gd 64 89 9
154Gd 64 90 40
155Gd 64 91 40
156Gd 64 92 40
157Gd 64 93 40
158Gd 64 94 40
159Gd 64 95 2
160Gd 64 96 15
161Gd 64 97 0
162Gd 64 98 0
163Gd 64 99 0
164Gd 64 100 0
165Gd 64 101 0
166Gd 64 102 0
167Gd 64 103 0
168Gd 64 104 0
169Gd 64 105 0
#
130Eu 63 67 0
131Eu 63 68 0
132Eu 63 69 0
133Eu 63 70 0
134Eu 63 71 0
135Eu 63 72 0
136Eu 63 73 0
137Eu 63 74 0
138Eu 63 75 0
139Eu 63 76 23
140Eu 63 77 0
141Eu 63 78 1
142Eu 63 79 0
143Eu 63 80 40
144Eu 63 81 26
145Eu 63 82 40
146Eu 63 83 24
147Eu 63 84 2
148Eu 63 85 5
149Eu 63 86 4
150Eu 63 87 26
151Eu 63 88 13
152Eu 63 89 40
153Eu 63 90 40
154Eu 63 91 40
155Eu 63 92 5
156Eu 63 93 19
157Eu 63 94 0
158Eu 63 95 0
159Eu 63 96 0
160Eu 63 97 0
161Eu 63 98 0
162Eu 63 99 0
163Eu 63 100 0
164Eu 63 101 0
165Eu 63 102 0
166Eu 63 103 0
167Eu 63 104 0
#
128Sm 62 66 0
129Sm 62 67 0
130Sm 62 68 0
131Sm 62 69 0
132Sm 62 70 0
133Sm 62 71 0
134Sm 62 72 4
135Sm 62 73 0
136Sm 62 74 12
137Sm 62 75 40
138Sm 62 76 23
139Sm 62 77 40
140Sm 62 78 26
141Sm 62 79 2
142Sm 62 80 40
143Sm 62 81 40
144Sm 62 82 18
145Sm 62 83 40
146Sm 62 84 40
147Sm 62 85 6
148Sm 62 86 40
149Sm 62 87 11
150Sm 62 88 40
151Sm 62 89 40
152Sm 62 90 40
153Sm 62 91 11
154Sm 62 92 40
155Sm 62 93 0
156Sm 62 94 18
157Sm 62 95 0
158Sm 62 96 6
159Sm 62 97 6
160Sm 62 98 0
161Sm 62 99 0
162Sm 62 100 0
163Sm 62 101 0
164Sm 62 102 0
165Sm 62 103 0
#
126Pm 61 65 0
127Pm 61 66 0
128Pm 61 67 0
129Pm 61 68 0
130Pm 61 69 0
131Pm 61 70 0
132Pm 61 71 0
133Pm 61 72 8
134Pm 61 73 1
135Pm 61 74 0
136Pm 61 75 0
137Pm 61 76 30
138Pm 61 77 1
139Pm 61 78 40
140Pm 61 79 0
141Pm 61 80 40
142Pm 61 81 40
143Pm 61 82 40
144Pm 61 83 40
145Pm 61 84 9
146Pm 61 85 0
147Pm 61 86 16
148Pm 61 87 3
149Pm 61 88 22
150Pm 61 89 0
151Pm 61 90 40
152Pm 61 91 4
153Pm 61 92 3
154Pm 61 93 1
155Pm 61 94 0
156Pm 61 95 2
157Pm 61 96 0
158Pm 61 97 0
159Pm 61 98 0
160Pm 61 99 0
161Pm 61 100 0
162Pm 61 101 0
163Pm 61 102 0
#
124Nd 60 64 0
125Nd 60 65 0
126Nd 60 66 0
127Nd 60 67 0
128Nd 60 68 3
129Nd 60 69 0
130Nd 60 70 2
131Nd 60 71 5
132Nd 60 72 13
133Nd 60 73 40
134Nd 60 74 40
135Nd 60 75 40
136Nd 60 76 40
137Nd 60 77 40
138Nd 60 78 27
139Nd 60 79 2
140Nd 60 80 40
141Nd 60 81 40
142Nd 60 82 40
143Nd 60 83 40
144Nd 60 84 40
145Nd 60 85 7
146Nd 60 86 40
147Nd 60 87 10
148Nd 60 88 40
149Nd 60 89 22
150Nd 60 90 40
151Nd 60 91 7
152Nd 60 92 36
153Nd 60 93 3
154Nd 60 94 20
155Nd 60 95 0
156Nd 60 96 17
157Nd 60 97 0
158Nd 60 98 0
159Nd 60 99 0
160Nd 60 100 0
161Nd 60 101 0
#
121Pr 59 62 0
122Pr 59 63 0
123Pr 59 64 0
124Pr 59 65 0
125Pr 59 66 0
126Pr 59 67 0
127Pr 59 68 0
128Pr 59 69 0
129Pr 59 70 0
130Pr 59 71 0
131Pr 59 72 40
132Pr 59 73 0
133Pr 59 74 40
134Pr 59 75 0
135Pr 59 76 40
136Pr 59 77 13
137Pr 59 78 5
138Pr 59 79 5
139Pr 59 80 4
140Pr 59 81 15
141Pr 59 82 40
142Pr 59 83 24
143Pr 59 84 3
144Pr 59 85 4
145Pr 59 86 1
146Pr 59 87 0
147Pr 59 88 3
148Pr 59 89 1
149Pr 59 90 3
150Pr 59 91 0
151Pr 59 92 1
152Pr 59 93 0
153Pr 59 94 0
154Pr 59 95 0
155Pr 59 96 0
156Pr 59 97 0
157Pr 59 98 0
158Pr 59 99 0
159Pr 59 100 0
#
119Ce 58 61 0
120Ce 58 62 0
121Ce 58 63 0
122Ce 58 64 0
123Ce 58 65 0
124Ce 58 66 2
125Ce 58 67 0
126Ce 58 68 16
127Ce 58 69 3
128Ce 58 70 40
129Ce 58 71 1
130Ce 58 72 40
131Ce 58 73 40
132Ce 58 74 40
133Ce 58 75 36
134Ce 58 76 40
135Ce 58 77 40
136Ce 58 78 40
137Ce 58 79 2
138Ce 58 80 40
139Ce 58 81 32
140Ce 58 82 40
141Ce 58 83 33
142Ce 58 84 40
143Ce 58 85 0
144Ce 58 86 12
145Ce 58 87 1
146Ce 58 88 1
147Ce 58 89 2
148Ce 58 90 1
149Ce 58 91 8
150Ce 58 92 2
151Ce 58 93 0
152Ce 58 94 0
153Ce 58 95 0
154Ce 58 96 0
155Ce 58 97 0
156Ce 58 98 0
157Ce 58 99 0
#
116La 57 59 0
117La 57 60 1
118La 57 61 0
119La 57 62 0
120La 57 63 0
121La 57 64 0
122La 57 65 0
123La 57 66 0
124La 57 67 0
125La 57 68 18
126La 57 69 0
127La 57 70 40
128La 57 71 0
129La 57 72 7
130La 57 73 2
131La 57 74 40
132La 57 75 40
133La 57 76 7
134La 57 77 0
135La 57 78 40
136La 57 79 11
137La 57 80 26
138La 57 81 1
139La 57 82 40
140La 57 83 15
141La 57 84 1
142La 57 85 2
143La 57 86 3
144La 57 87 0
145La 57 88 1
146La 57 89 19
147La 57 90 9
148La 57 91 2
149La 57 92 0
150La 57 93 0
151La 57 94 0
152La 57 95 0
153La 57 96 0
154La 57 97 0
155La 57 98 0
#
114Ba 56 58 0
115Ba 56 59 0
116Ba 56 60 0
117Ba 56 61 0
118Ba 56 62 0
119Ba 56 63 0
120Ba 56 64 0
121Ba 56 65 0
122Ba 56 66 1
123Ba 56 67 2
124Ba 56 68 1
125Ba 56 69 1
126Ba 56 70 40
127Ba 56 71 4
128Ba 56 72 40
129Ba 56 73 40
130Ba 56 74 40
131Ba 56 75 2
132Ba 56 76 40
133Ba 56 77 40
134Ba 56 78 40
135Ba 56 79 7
136Ba 56 80 40
137Ba 56 81 34
138Ba 56 82 40
139Ba 56 83 22
140Ba 56 84 1
141Ba 56 85 2
142Ba 56 86 9
143Ba 56 87 2
144Ba 56 88 4
145Ba 56 89 1
146Ba 56 90 7
147Ba 56 91 9
148Ba 56 92 0
149Ba 56 93 0
150Ba 56 94 0
151Ba 56 95 0
152Ba 56 96 0
153Ba 56 97 0
#
112Cs 55 57 0
113Cs 55 58 0
114Cs 55 59 0
115Cs 55 60 0
116Cs 55 61 1
117Cs 55 62 0
118Cs 55 63 0
119Cs 55 64 0
120Cs 55 65 0
121Cs 55 66 9
122Cs 55 67 8
123Cs 55 68 39
124Cs 55 69 25
125Cs 55 70 6
126Cs 55 71 23
127Cs 55 72 40
128Cs 55 73 0
129Cs 55 74 10
130Cs 55 75 4
131Cs 55 76 16
132Cs 55 77 0
133Cs 55 78 40
134Cs 55 79 12
135Cs 55 80 10
136Cs 55 81 0
137Cs 55 82 1
138Cs 55 83 3
139Cs 55 84 0
140Cs 55 85 11
141Cs 55 86 5
142Cs 55 87 0
143Cs 55 88 0
144Cs 55 89 2
145Cs 55 90 0
146Cs 55 91 0
147Cs 55 92 0
148Cs 55 93 0
149Cs 55 94 0
150Cs 55 95 0
151Cs 55 96 0
#
109Xe 54 55 0
110Xe 54 56 0
111Xe 54 57 0
112Xe 54 58 0
113Xe 54 59 0
114Xe 54 60 40
115Xe 54 61 0
116Xe 54 62 23
117Xe 54 63 4
118Xe 54 64 27
119Xe 54 65 40
120Xe 54 66 40
121Xe 54 67 6
122Xe 54 68 40
123Xe 54 69 40
124Xe 54 70 40
125Xe 54 71 40
126Xe 54 72 40
127Xe 54 73 40
128Xe 54 74 40
129Xe 54 75 11
130Xe 54 76 40
131Xe 54 77 35
132Xe 54 78 30
133Xe 54 79 1
134Xe 54 80 29
135Xe 54 81 2
136Xe 54 82 12
137Xe 54 83 23
138Xe 54 84 0
139Xe 54 85 40
140Xe 54 86 8
141Xe 54 87 0
142Xe 54 88 1
143Xe 54 89 0
144Xe 54 90 0
145Xe 54 91 0
146Xe 54 92 0
147Xe 54 93 0
148Xe 54 94 0
#
107I 53 54 0
108I 53 55 0
109I 53 56 0
110I 53 57 0
111I 53 58 0
112I 53 59 0
113I 53 60 37
114I 53 61 3
115I 53 62 5
116I 53 63 8
117I 53 64 40
118I 53 65 0
119I 53 66 40
120I 53 67 13
121I 53 68 40
122I 53 69 22
123I 53 70 40
124I 53 71 40
125I 53 72 40
126I 53 73 3
127I 53 74 30
128I 53 75 40
129I 53 76 3
130I 53 77 40
131I 53 78 40
132I 53 79 5
133I 53 80 40
134I 53 81 5
135I 53 82 0
136I 53 83 6
137I 53 84 0
138I 53 85 0
139I 53 86 0
140I 53 87 0
141I 53 88 0
142I 53 89 0
143I 53 90 0
144I 53 91 0
145I 53 92 0
#
105Te 52 53 0
106Te 52 54 0
107Te 52 55 0
108Te 52 56 0
109Te 52 57 0
110Te 52 58 40
111Te 52 59 5
112Te 52 60 0
113Te 52 61 0
114Te 52 62 35
115Te 52 63 2
116Te 52 64 0
117Te 52 65 3
118Te 52 66 40
119Te 52 67 3
120Te 52 68 1
121Te 52 69 4
122Te 52 70 40
123Te 52 71 20
124Te 52 72 40
125Te 52 73 12
126Te 52 74 40
127Te 52 75 3
128Te 52 76 40
129Te 52 77 1
130Te 52 78 40
131Te 52 79 33
132Te 52 80 22
133Te 52 81 9
134Te 52 82 24
135Te 52 83 29
136Te 52 84 0
137Te 52 85 0
138Te 52 86 0
139Te 52 87 0
140Te 52 88 0
141Te 52 89 0
142Te 52 90 0
143Te 52 91 0
#
103Sb 51 52 0
104Sb 51 53 0
105Sb 51 54 0
106Sb 51 55 1
107Sb 51 56 0
108Sb 51 57 0
109Sb 51 58 31
110Sb 51 59 6
111Sb 51 60 0
112Sb 51 61 13
113Sb 51 62 26
114Sb 51 63 28
115Sb 51 64 36
116Sb 51 65 40
117Sb 51 66 40
118Sb 51 67 40
119Sb 51 68 40
120Sb 51 69 14
121Sb 51 70 40
122Sb 51 71 28
123Sb 51 72 5
124Sb 51 73 15
125Sb 51 74 36
126Sb 51 75 5
127Sb 51 76 39
128Sb 51 77 0
129Sb 51 78 12
130Sb 51 79 3
131Sb 51 80 30
132Sb 51 81 11
133Sb 51 82 22
134Sb 51 83 18
135Sb 51 84 12
136Sb 51 85 0
137Sb 51 86 0
138Sb 51 87 0
139Sb 51 88 0
140Sb 51 89 0
#
99Sn 50 49 0
100Sn 50 50 0
101Sn 50 51 0
102Sn 50 52 0
103Sn 50 53 0
104Sn 50 54 12
105Sn 50 55 8
106Sn 50 56 19
107Sn 50 57 30
108Sn 50 58 40
109Sn 50 59 27
110Sn 50 60 40
111Sn 50 61 40
112Sn 50 62 40
113Sn 50 63 40
114Sn 50 64 40
115Sn 50 65 40
116Sn 50 66 40
117Sn 50 67 40
118Sn 50 68 40
119Sn 50 69 40
120Sn 50 70 40
121Sn 50 71 40
122Sn 50 72 40
123Sn 50 73 40
124Sn 50 74 40
125Sn 50 75 34
126Sn 50 76 16
127Sn 50 77 38
128Sn 50 78 10
129Sn 50 79 1
130Sn 50 80 9
131Sn 50 81 0
132Sn 50 82 14
133Sn 50 83 0
134Sn 50 84 3
135Sn 50 85 0
136Sn 50 86 0
137Sn 50 87 0
138Sn 50 88 0
#
97In 49 48 0
98In 49 49 0
99In 49 50 0
100In 49 51 0
101In 49 52 0
102In 49 53 0
103In 49 54 8
104In 49 55 40
105In 49 56 40
106In 49 57 1
107In 49 58 37
108In 49 59 40
109In 49 60 40
110In 49 61 40
111In 49 62 40
112In 49 63 10
113In 49 64 20
114In 49 65 28
115In 49 66 22
116In 49 67 40
117In 49 68 26
118In 49 69 3
119In 49 70 40
120In 49 71 1
121In 49 72 9
122In 49 73 5
123In 49 74 1
124In 49 75 5
125In 49 76 19
126In 49 77 1
127In 49 78 12
128In 49 79 3
129In 49 80 1
130In 49 81 3
131In 49 82 4
132In 49 83 0
133In 49 84 1
134In 49 85 0
135In 49 86 0
#
95Cd 48 47 0
96Cd 48 48 0
97Cd 48 49 0
98Cd 48 50 4
99Cd 48 51 5
100Cd 48 52 6
101Cd 48 53 7
102Cd 48 54 40
103Cd 48 55 39
104Cd 48 56 40
105Cd 48 57 1
106Cd 48 58 40
107Cd 48 59 40
108Cd 48 60 40
109Cd 48 61 40
110Cd 48 62 40
111Cd 48 63 37
112Cd 48 64 40
113Cd 48 65 40
114Cd 48 66 40
115Cd 48 67 5
116Cd 48 68 40
117Cd 48 69 9
118Cd 48 70 7
119Cd 48 71 7
120Cd 48 72 7
121Cd 48 73 8
122Cd 48 74 1
123Cd 48 75 3
124Cd 48 76 0
125Cd 48 77 0
126Cd 48 78 0
127Cd 48 79 0
128Cd 48 80 0
129Cd 48 81 0
130Cd 48 82 4
131Cd 48 83 0
132Cd 48 84 0
133Cd 48 85 0
#
93Ag 47 46 0
94Ag 47 47 1
95Ag 47 48 13
96Ag 47 49 0
97Ag 47 50 10
98Ag 47 51 0
99Ag 47 52 2
100Ag 47 53 1
101Ag 47 54 40
102Ag 47 55 40
103Ag 47 56 40
104Ag 47 57 40
105Ag 47 58 40
106Ag 47 59 40
107Ag 47 60 20
108Ag 47 61 31
109Ag 47 62 25
110Ag 47 63 40
111Ag 47 64 4
112Ag 47 65 0
113Ag 47 66 9
114Ag 47 67 3
115Ag 47 68 11
116Ag 47 69 4
117Ag 47 70 1
118Ag 47 71 7
119Ag 47 72 0
120Ag 47 73 2
121Ag 47 74 0
122Ag 47 75 1
123Ag 47 76 0
124Ag 47 77 0
125Ag 47 78 0
126Ag 47 79 0
127Ag 47 80 0
128Ag 47 81 0
129Ag 47 82 0
130Ag 47 83 0
#
91Pd 46 45 0
92Pd 46 46 0
93Pd 46 47 0
94Pd 46 48 12
95Pd 46 49 26
96Pd 46 50 14
97Pd 46 51 23
98Pd 46 52 0
99Pd 46 53 40
100Pd 46 54 24
101Pd 46 55 1
102Pd 46 56 13
103Pd 46 57 40
104Pd 46 58 12
105Pd 46 59 15
106Pd 46 60 40
107Pd 46 61 2
108Pd 46 62 39
109Pd 46 63 10
110Pd 46 64 14
111Pd 46 65 2
112Pd 46 66 1
113Pd 46 67 2
114Pd 46 68 1
115Pd 46 69 1
116Pd 46 70 1
117Pd 46 71 3
118Pd 46 72 0
119Pd 46 73 0
120Pd 46 74 0
121Pd 46 75 0
122Pd 46 76 0
123Pd 46 77 0
124Pd 46 78 0
125Pd 46 79 0
126Pd 46 80 0
127Pd 46 81 0
128Pd 46 82 0
#
89Rh 45 44 0
90Rh 45 45 0
91Rh 45 46 1
92Rh 45 47 0
93Rh 45 48 0
94Rh 45 49 1
95Rh 45 50 37
96Rh 45 51 1
97Rh 45 52 1
98Rh 45 53 0
99Rh 45 54 40
100Rh 45 55 31
101Rh 45 56 7
102Rh 45 57 40
103Rh 45 58 22
104Rh 45 59 40
105Rh 45 60 17
106Rh 45 61 1
107Rh 45 62 3
108Rh 45 63 0
109Rh 45 64 8
110Rh 45 65 0
111Rh 45 66 14
112Rh 45 67 0
113Rh 45 68 7
114Rh 45 69 0
115Rh 45 70 0
116Rh 45 71 1
117Rh 45 72 0
118Rh 45 73 0
119Rh 45 74 0
120Rh 45 75 0
121Rh 45 76 0
122Rh 45 77 0
123Rh 45 78 0
124Rh 45 79 0
125Rh 45 80 0
126Rh 45 81 0
#
87Ru 44 43 0
88Ru 44 44 0
89Ru 44 45 0
90Ru 44 46 0
91Ru 44 47 0
92Ru 44 48 32
93Ru 44 49 11
94Ru 44 50 40
95Ru 44 51 40
96Ru 44 52 40
97Ru 44 53 40
98Ru 44 54 40
99Ru 44 55 40
100Ru 44 56 40
101Ru 44 57 40
102Ru 44 58 40
103Ru 44 59 5
104Ru 44 60 40
105Ru 44 61 4
106Ru 44 62 1
107Ru 44 63 16
108Ru 44 64 9
109Ru 44 65 14
110Ru 44 66 7
111Ru 44 67 11
112Ru 44 68 1
113Ru 44 69 0
114Ru 44 70 0
115Ru 44 71 0
116Ru 44 72 0
117Ru 44 73 0
118Ru 44 74 0
119Ru 44 75 0
120Ru 44 76 0
121Ru 44 77 0
122Ru 44 78 0
123Ru 44 79 0
124Ru 44 80 0
#
85Tc 43 42 0
86Tc 43 43 4
87Tc 43 44 0
88Tc 43 45 0
89Tc 43 46 14
90Tc 43 47 40
91Tc 43 48 40
92Tc 43 49 25
93Tc 43 50 40
94Tc 43 51 40
95Tc 43 52 40
96Tc 43 53 40
97Tc 43 54 40
98Tc 43 55 11
99Tc 43 56 23
100Tc 43 57 40
101Tc 43 58 3
102Tc 43 59 0
103Tc 43 60 0
104Tc 43 61 2
105Tc 43 62 15
106Tc 43 63 2
107Tc 43 64 3
108Tc 43 65 0
109Tc 43 66 0
110Tc 43 67 3
111Tc 43 68 0
112Tc 43 69 0
113Tc 43 70 0
114Tc 43 71 0
115Tc 43 72 0
116Tc 43 73 0
117Tc 43 74 0
118Tc 43 75 0
119Tc 43 76 0
120Tc 43 77 0
#
83Mo 42 41 0
84Mo 42 42 0
85Mo 42 43 0
86Mo 42 44 0
87Mo 42 45 25
88Mo 42 46 36
89Mo 42 47 34
90Mo 42 48 40
91Mo 42 49 40
92Mo 42 50 40
93Mo 42 51 40
94Mo 42 52 40
95Mo 42 53 40
96Mo 42 54 40
97Mo 42 55 40
98Mo 42 56 18
99Mo 42 57 40
100Mo 42 58 40
101Mo 42 59 6
102Mo 42 60 40
103Mo 42 61 15
104Mo 42 62 32
105Mo 42 63 16
106Mo 42 64 40
107Mo 42 65 1
108Mo 42 66 1
109Mo 42 67 0
110Mo 42 68 0
111Mo 42 69 0
112Mo 42 70 0
113Mo 42 71 0
114Mo 42 72 0
115Mo 42 73 0
116Mo 42 74 0
117Mo 42 75 0
#
81Nb 41 40 0
82Nb 41 41 3
83Nb 41 42 0
84Nb 41 43 7
85Nb 41 44 0
86Nb 41 45 0
87Nb 41 46 35
88Nb 41 47 0
89Nb 41 48 40
90Nb 41 49 38
91Nb 41 50 40
92Nb 41 51 40
93Nb 41 52 40
94Nb 41 53 9
95Nb 41 54 4
96Nb 41 55 7
97Nb 41 56 17
98Nb 41 57 1
99Nb 41 58 22
100Nb 41 59 2
101Nb 41 60 14
102Nb 41 61 0
103Nb 41 62 15
104Nb 41 63 4
105Nb 41 64 0
106Nb 41 65 0
107Nb 41 66 0
108Nb 41 67 0
109Nb 41 68 0
110Nb 41 69 0
111Nb 41 70 0
112Nb 41 71 0
113Nb 41 72 0
114Nb 41 73 0
115Nb 41 74 0
#
78Zr 40 38 0
79Zr 40 39 0
80Zr 40 40 0
81Zr 40 41 3
82Zr 40 42 32
83Zr 40 43 40
84Zr 40 44 40
85Zr 40 45 2
86Zr 40 46 40
87Zr 40 47 40
88Zr 40 48 40
89Zr 40 49 40
90Zr 40 50 40
91Zr 40 51 40
92Zr 40 52 40
93Zr 40 53 1
94Zr 40 54 3
95Zr 40 55 0
96Zr 40 56 40
97Zr 40 57 31
98Zr 40 58 8
99Zr 40 59 18
100Zr 40 60 40
101Zr 40 61 20
102Zr 40 62 36
103Zr 40 63 4
104Zr 40 64 1
105Zr 40 65 0
106Zr 40 66 0
107Zr 40 67 0
108Zr 40 68 0
109Zr 40 69 0
110Zr 40 70 0
111Zr 40 71 0
112Zr 40 72 0
#
76Y 39 37 0
77Y 39 38 0
78Y 39 39 0
79Y 39 40 0
80Y 39 41 40
81Y 39 42 40
82Y 39 43 40
83Y 39 44 40
84Y 39 45 40
85Y 39 46 40
86Y 39 47 26
87Y 39 48 40
88Y 39 49 40
89Y 39 50 40
90Y 39 51 2
91Y 39 52 1
92Y 39 53 0
93Y 39 54 2
94Y 39 55 6
95Y 39 56 40
96Y 39 57 5
97Y 39 58 29
98Y 39 59 26
99Y 39 60 28
100Y 39 61 4
101Y 39 62 0
102Y 39 63 0
103Y 39 64 0
104Y 39 65 0
105Y 39 66 0
106Y 39 67 0
107Y 39 68 0
108Y 39 69 0
109Y 39 70 0
#
73Sr 38 35 0
74Sr 38 36 0
75Sr 38 37 0
76Sr 38 38 0
77Sr 38 39 0
78Sr 38 40 2
79Sr 38 41 22
80Sr 38 42 40
81Sr 38 43 40
82Sr 38 44 40
83Sr 38 45 40
84Sr 38 46 40
85Sr 38 47 40
86Sr 38 48 40
87Sr 38 49 40
88Sr 38 50 40
89Sr 38 51 35
90Sr 38 52 20
91Sr 38 53 1
92Sr 38 54 9
93Sr 38 55 2
94Sr 38 56 36
95Sr 38 57 2
96Sr 38 58 39
97Sr 38 59 27
98Sr 38 60 27
99Sr 38 61 1
100Sr 38 62 14
101Sr 38 63 4
102Sr 38 64 1
103Sr 38 65 0
104Sr 38 66 0
105Sr 38 67 0
106Sr 38 68 0
107Sr 38 69 0
#
71Rb 37 34 0
72Rb 37 35 0
73Rb 37 36 0
74Rb 37 37 0
75Rb 37 38 0
76Rb 37 39 3
77Rb 37 40 40
78Rb 37 41 40
79Rb 37 42 40
80Rb 37 43 40
81Rb 37 44 40
82Rb 37 45 40
83Rb 37 46 11
84Rb 37 47 40
85Rb 37 48 40
86Rb 37 49 40
87Rb 37 50 6
88Rb 37 51 19
89Rb 37 52 8
90Rb 37 53 1
91Rb 37 54 17
92Rb 37 55 24
93Rb 37 56 40
94Rb 37 57 19
95Rb 37 58 3
96Rb 37 59 12
97Rb 37 60 0
98Rb 37 61 1
99Rb 37 62 0
100Rb 37 63 0
101Rb 37 64 0
102Rb 37 65 0
103Rb 37 66 0
#
69Kr 36 33 0
70Kr 36 34 0
71Kr 36 35 0
72Kr 36 36 33
73Kr 36 37 4
74Kr 36 38 40
75Kr 36 39 40
76Kr 36 40 40
77Kr 36 41 40
78Kr 36 42 40
79Kr 36 43 40
80Kr 36 44 40
81Kr 36 45 40
82Kr 36 46 40
83Kr 36 47 40
84Kr 36 48 40
85Kr 36 49 40
86Kr 36 50 2
87Kr 36 51 40
88Kr 36 52 0
89Kr 36 53 1
90Kr 36 54 0
91Kr 36 55 1
92Kr 36 56 1
93Kr 36 57 2
94Kr 36 58 0
95Kr 36 59 2
96Kr 36 60 1
97Kr 36 61 0
98Kr 36 62 0
99Kr 36 63 0
100Kr 36 64 0
101Kr 36 65 0
#
67Br 35 32 0
68Br 35 33 0
69Br 35 34 0
70Br 35 35 6
71Br 35 36 7
72Br 35 37 40
73Br 35 38 40
74Br 35 39 40
75Br 35 40 40
76Br 35 41 40
77Br 35 42 40
78Br 35 43 24
79Br 35 44 40
80Br 35 45 40
81Br 35 46 40
82Br 35 47 40
83Br 35 48 40
84Br 35 49 2
85Br 35 50 0
86Br 35 51 0
87Br 35 52 0
88Br 35 53 3
89Br 35 54 0
90Br 35 55 0
91Br 35 56 0
92Br 35 57 0
93Br 35 58 0
94Br 35 59 0
95Br 35 60 0
96Br 35 61 0
97Br 35 62 0
98Br 35 63 0
#
64Se 34 30 0
65Se 34 31 0
66Se 34 32 0
67Se 34 33 0
68Se 34 34 1
69Se 34 35 9
70Se 34 36 35
71Se 34 37 21
72Se 34 38 40
73Se 34 39 40
74Se 34 40 40
75Se 34 41 40
76Se 34 42 40
77Se 34 43 40
78Se 34 44 40
79Se 34 45 40
80Se 34 46 31
81Se 34 47 1
82Se 34 48 28
83Se 34 49 5
84Se 34 50 0
85Se 34 51 0
86Se 34 52 0
87Se 34 53 0
88Se 34 54 0
89Se 34 55 0
90Se 34 56 0
91Se 34 57 0
92Se 34 58 0
93Se 34 59 0
94Se 34 60 0
95Se 34 61 0
#
60As 33 27 0
61As 33 28 0
62As 33 29 0
63As 33 30 0
64As 33 31 0
65As 33 32 0
66As 33 33 7
67As 33 34 5
68As 33 35 40
69As 33 36 40
70As 33 37 40
71As 33 38 40
72As 33 39 40
73As 33 40 40
74As 33 41 15
75As 33 42 40
76As 33 43 1
77As 33 44 30
78As 33 45 11
79As 33 46 7
80As 33 47 0
81As 33 48 3
82As 33 49 0
83As 33 50 0
84As 33 51 0
85As 33 52 0
86As 33 53 0
87As 33 54 0
88As 33 55 0
89As 33 56 0
90As 33 57 0
91As 33 58 0
92As 33 59 0
#
58Ge 32 26 0
59Ge 32 27 0
60Ge 32 28 0
61Ge 32 29 0
62Ge 32 30 0
63Ge 32 31 0
64Ge 32 32 14
65Ge 32 33 23
66Ge 32 34 34
67Ge 32 35 6
68Ge 32 36 40
69Ge 32 37 40
70Ge 32 38 40
71Ge 32 39 40
72Ge 32 40 40
73Ge 32 41 17
74Ge 32 42 40
75Ge 32 43 3
76Ge 32 44 40
77Ge 32 45 1
78Ge 32 46 20
79Ge 32 47 1
80Ge 32 48 11
81Ge 32 49 3
82Ge 32 50 1
83Ge 32 51 0
84Ge 32 52 0
85Ge 32 53 0
86Ge 32 54 0
87Ge 32 55 0
88Ge 32 56 0
89Ge 32 57 0
90Ge 32 58 0
#
56Ga 31 25 0
57Ga 31 26 0
58Ga 31 27 0
59Ga 31 28 0
60Ga 31 29 0
61Ga 31 30 0
62Ga 31 31 2
63Ga 31 32 6
64Ga 31 33 3
65Ga 31 34 40
66Ga 31 35 40
67Ga 31 36 40
68Ga 31 37 40
69Ga 31 38 40
70Ga 31 39 40
71Ga 31 40 40
72Ga 31 41 7
73Ga 31 42 0
74Ga 31 43 2
75Ga 31 44 3
76Ga 31 45 0
77Ga 31 46 19
78Ga 31 47 4
79Ga 31 48 0
80Ga 31 49 0
81Ga 31 50 0
82Ga 31 51 0
83Ga 31 52 0
84Ga 31 53 0
85Ga 31 54 0
86Ga 31 55 0
87Ga 31 56 0
#
54Zn 30 24 0
55Zn 30 25 0
56Zn 30 26 0
57Zn 30 27 0
58Zn 30 28 0
59Zn 30 29 0
60Zn 30 30 11
61Zn 30 31 4
62Zn 30 32 40
63Zn 30 33 40
64Zn 30 34 40
65Zn 30 35 40
66Zn 30 36 40
67Zn 30 37 40
68Zn 30 38 40
69Zn 30 39 1
70Zn 30 40 18
71Zn 30 41 1
72Zn 30 42 1
73Zn 30 43 1
74Zn 30 44 1
75Zn 30 45 0
76Zn 30 46 0
77Zn 30 47 2
78Zn 30 48 4
79Zn 30 49 0
80Zn 30 50 0
81Zn 30 51 0
82Zn 30 52 0
83Zn 30 53 0
84Zn 30 54 0
85Zn 30 55 0
#
52Cu 29 23 0
53Cu 29 24 0
54Cu 29 25 0
55Cu 29 26 0
56Cu 29 27 0
57Cu 29 28 0
58Cu 29 29 7
59Cu 29 30 40
60Cu 29 31 1
61Cu 29 32 38
62Cu 29 33 40
63Cu 29 34 40
64Cu 29 35 27
65Cu 29 36 40
66Cu 29 37 15
67Cu 29 38 23
68Cu 29 39 4
69Cu 29 40 14
70Cu 29 41 3
71Cu 29 42 19
72Cu 29 43 3
73Cu 29 44 0
74Cu 29 45 0
75Cu 29 46 2
76Cu 29 47 0
77Cu 29 48 0
78Cu 29 49 0
79Cu 29 50 0
80Cu 29 51 0
81Cu 29 52 0
82Cu 29 53 0
#
48Ni 28 20 0
49Ni 28 21 0
50Ni 28 22 0
51Ni 28 23 0
52Ni 28 24 0
53Ni 28 25 0
54Ni 28 26 1
55Ni 28 27 0
56Ni 28 28 2
57Ni 28 29 36
58Ni 28 30 40
59Ni 28 31 40
60Ni 28 32 40
61Ni 28 33 40
62Ni 28 34 40
63Ni 28 35 23
64Ni 28 36 40
65Ni 28 37 4
66Ni 28 38 12
67Ni 28 39 2
68Ni 28 40 16
69Ni 28 41 6
70Ni 28 42 5
71Ni 28 43 2
72Ni 28 44 0
73Ni 28 45 0
74Ni 28 46 0
75Ni 28 47 0
76Ni 28 48 4
77Ni 28 49 0
78Ni 28 50 0
79Ni 28 51 0
#
47Co 27 20 0
48Co 27 21 0
49Co 27 22 0
50Co 27 23 0
51Co 27 24 0
52Co 27 25 0
53Co 27 26 3
54Co 27 27 1
55Co 27 28 40
56Co 27 29 40
57Co 27 30 40
58Co 27 31 40
59Co 27 32 40
60Co 27 33 40
61Co 27 34 40
62Co 27 35 31
63Co 27 36 38
64Co 27 37 9
65Co 27 38 0
66Co 27 39 3
67Co 27 40 0
68Co 27 41 0
69Co 27 42 0
70Co 27 43 0
71Co 27 44 0
72Co 27 45 0
73Co 27 46 0
74Co 27 47 0
75Co 27 48 0
76Co 27 49 0
#
45Fe 26 19 0
46Fe 26 20 0
47Fe 26 21 0
48Fe 26 22 0
49Fe 26 23 0
50Fe 26 24 1
51Fe 26 25 19
52Fe 26 26 40
53Fe 26 27 40
54Fe 26 28 40
55Fe 26 29 40
56Fe 26 30 40
57Fe 26 31 40
58Fe 26 32 40
59Fe 26 33 40
60Fe 26 34 40
61Fe 26 35 4
62Fe 26 36 1
63Fe 26 37 0
64Fe 26 38 0
65Fe 26 39 3
66Fe 26 40 0
67Fe 26 41 2
68Fe 26 42 0
69Fe 26 43 0
70Fe 26 44 0
71Fe 26 45 0
72Fe 26 46 0
73Fe 26 47 0
74Fe 26 48 0
#
44Mn 25 19 0
45Mn 25 20 0
46Mn 25 21 0
47Mn 25 22 0
48Mn 25 23 0
49Mn 25 24 0
50Mn 25 25 40
51Mn 25 26 40
52Mn 25 27 40
53Mn 25 28 40
54Mn 25 29 40
55Mn 25 30 40
56Mn 25 31 40
57Mn 25 32 40
58Mn 25 33 40
59Mn 25 34 0
60Mn 25 35 1
61Mn 25 36 0
62Mn 25 37 0
63Mn 25 38 0
64Mn 25 39 2
65Mn 25 40 0
66Mn 25 41 0
67Mn 25 42 0
68Mn 25 43 0
69Mn 25 44 0
70Mn 25 45 0
71Mn 25 46 0
#
42Cr 24 18 0
43Cr 24 19 0
44Cr 24 20 0
45Cr 24 21 0
46Cr 24 22 1
47Cr 24 23 28
48Cr 24 24 40
49Cr 24 25 40
50Cr 24 26 40
51Cr 24 27 40
52Cr 24 28 40
53Cr 24 29 40
54Cr 24 30 40
55Cr 24 31 34
56Cr 24 32 24
57Cr 24 33 0
58Cr 24 34 13
59Cr 24 35 3
60Cr 24 36 0
61Cr 24 37 0
62Cr 24 38 0
63Cr 24 39 0
64Cr 24 40 0
65Cr 24 41 0
66Cr 24 42 0
67Cr 24 43 0
68Cr 24 44 0
#
40V 23 17 0
41V 23 18 0
42V 23 19 0
43V 23 20 0
44V 23 21 0
45V 23 22 2
46V 23 23 14
47V 23 24 40
48V 23 25 40
49V 23 26 40
50V 23 27 40
51V 23 28 40
52V 23 29 29
53V 23 30 40
54V 23 31 25
55V 23 32 0
56V 23 33 0
57V 23 34 0
58V 23 35 0
59V 23 36 0
60V 23 37 0
61V 23 38 0
62V 23 39 0
63V 23 40 0
64V 23 41 0
65V 23 42 0
66V 23 43 0
#
38Ti 22 16 0
39Ti 22 17 0
40Ti 22 18 0
41Ti 22 19 0
42Ti 22 20 14
43Ti 22 21 14
44Ti 22 22 40
45Ti 22 23 40
46Ti 22 24 40
47Ti 22 25 40
48Ti 22 26 40
49Ti 22 27 40
50Ti 22 28 40
51Ti 22 29 17
52Ti 22 30 9
53Ti 22 31 0
54Ti 22 32 1
55Ti 22 33 0
56Ti 22 34 0
57Ti 22 35 0
58Ti 22 36 0
59Ti 22 37 0
60Ti 22 38 0
61Ti 22 39 0
62Ti 22 40 0
63Ti 22 41 0
#
36Sc 21 15 0
37Sc 21 16 0
38Sc 21 17 0
39Sc 21 18 0
40Sc 21 19 0
41Sc 21 20 0
42Sc 21 21 40
43Sc 21 22 40
44Sc 21 23 40
45Sc 21 24 40
46Sc 21 25 16
47Sc 21 26 40
48Sc 21 27 0
49Sc 21 28 40
50Sc 21 29 4
51Sc 21 30 0
52Sc 21 31 0
53Sc 21 32 0
54Sc 21 33 1
55Sc 21 34 0
56Sc 21 35 3
57Sc 21 36 0
58Sc 21 37 0
59Sc 21 38 0
60Sc 21 39 0
61Sc 21 40 0
#
34Ca 20 14 0
35Ca 20 15 0
36Ca 20 16 0
37Ca 20 17 0
38Ca 20 18 6
39Ca 20 19 11
40Ca 20 20 40
41Ca 20 21 40
42Ca 20 22 16
43Ca 20 23 40
44Ca 20 24 40
45Ca 20 25 40
46Ca 20 26 40
47Ca 20 27 3
48Ca 20 28 40
49Ca 20 29 18
50Ca 20 30 1
51Ca 20 31 0
52Ca 20 32 0
53Ca 20 33 0
54Ca 20 34 0
55Ca 20 35 0
56Ca 20 36 0
57Ca 20 37 0
58Ca 20 38 0
#
32K 19 13 0
33K 19 14 0
34K 19 15 0
35K 19 16 0
36K 19 17 2
37K 19 18 8
38K 19 19 30
39K 19 20 40
40K 19 21 40
41K 19 22 40
42K 19 23 32
43K 19 24 28
44K 19 25 10
45K 19 26 5
46K 19 27 0
47K 19 28 2
48K 19 29 0
49K 19 30 5
50K 19 31 3
51K 19 32 0
52K 19 33 0
53K 19 34 0
54K 19 35 0
55K 19 36 0
56K 19 37 0
#
30Ar 18 12 0
31Ar 18 13 0
32Ar 18 14 1
33Ar 18 15 0
34Ar 18 16 6
35Ar 18 17 0
36Ar 18 18 40
37Ar 18 19 40
38Ar 18 20 40
39Ar 18 21 40
40Ar 18 22 40
41Ar 18 23 30
42Ar 18 24 17
43Ar 18 25 0
44Ar 18 26 7
45Ar 18 27 1
46Ar 18 28 1
47Ar 18 29 0
48Ar 18 30 0
49Ar 18 31 0
50Ar 18 32 0
51Ar 18 33 0
52Ar 18 34 0
53Ar 18 35 0
#
28Cl 17 11 0
29Cl 17 12 0
30Cl 17 13 0
31Cl 17 14 0
32Cl 17 15 30
33Cl 17 16 7
34Cl 17 17 40
35Cl 17 18 40
36Cl 17 19 40
37Cl 17 20 40
38Cl 17 21 12
39Cl 17 22 19
40Cl 17 23 17
41Cl 17 24 0
42Cl 17 25 0
43Cl 17 26 0
44Cl 17 27 1
45Cl 17 28 0
46Cl 17 29 0
47Cl 17 30 0
48Cl 17 31 0
49Cl 17 32 0
50Cl 17 33 0
51Cl 17 34 0
#
26S 16 10 0
27S 16 11 0
28S 16 12 1
29S 16 13 0
30S 16 14 7
31S 16 15 9
32S 16 16 40
33S 16 17 40
34S 16 18 40
35S 16 19 21
36S 16 20 23
37S 16 21 0
38S 16 22 3
39S 16 23 0
40S 16 24 1
41S 16 25 0
42S 16 26 1
43S 16 27 1
44S 16 28 2
45S 16 29 0
46S 16 30 0
47S 16 31 0
48S 16 32 0
49S 16 33 0
#
24P 15 9 0
25P 15 10 0
26P 15 11 0
27P 15 12 0
28P 15 13 7
29P 15 14 6
30P 15 15 40
31P 15 16 40
32P 15 17 40
33P 15 18 31
34P 15 19 34
35P 15 20 0
36P 15 21 0
37P 15 22 0
38P 15 23 0
39P 15 24 2
40P 15 25 0
41P 15 26 0
42P 15 27 0
43P 15 28 0
44P 15 29 0
45P 15 30 0
46P 15 31 0
47P 15 32 0
#
22Si 14 8 0
23Si 14 9 0
24Si 14 10 1
25Si 14 11 0
26Si 14 12 10
27Si 14 13 40
28Si 14 14 40
29Si 14 15 40
30Si 14 16 40
31Si 14 17 38
32Si 14 18 16
33Si 14 19 2
34Si 14 20 3
35Si 14 21 2
36Si 14 22 1
37Si 14 23 0
38Si 14 24 1
39Si 14 25 0
40Si 14 26 0
41Si 14 27 0
42Si 14 28 0
43Si 14 29 0
44Si 14 30 0
45Si 14 31 0
#
21Al 13 8 0
22Al 13 9 0
23Al 13 10 1
24Al 13 11 1
25Al 13 12 7
26Al 13 13 40
27Al 13 14 40
28Al 13 15 40
29Al 13 16 33
30Al 13 17 5
31Al 13 18 0
32Al 13 19 2
33Al 13 20 0
34Al 13 21 0
35Al 13 22 0
36Al 13 23 0
37Al 13 24 0
38Al 13 25 0
39Al 13 26 0
40Al 13 27 0
41Al 13 28 0
42Al 13 29 0
43Al 13 30 0
#
19Mg 12 7 0
20Mg 12 8 0
21Mg 12 9 0
22Mg 12 10 14
23Mg 12 11 40
24Mg 12 12 31
25Mg 12 13 40
26Mg 12 14 40
27Mg 12 15 31
28Mg 12 16 13
29Mg 12 17 4
30Mg 12 18 3
31Mg 12 19 3
32Mg 12 20 2
33Mg 12 21 0
34Mg 12 22 1
35Mg 12 23 0
36Mg 12 24 0
37Mg 12 25 0
38Mg 12 26 0
39Mg 12 27 0
40Mg 12 28 0
#
18Na 11 7 0
19Na 11 8 0
20Na 11 9 0
21Na 11 10 8
22Na 11 11 40
23Na 11 12 40
24Na 11 13 40
25Na 11 14 13
26Na 11 15 1
27Na 11 16 0
28Na 11 17 3
29Na 11 18 0
30Na 11 19 0
31Na 11 20 0
32Na 11 21 0
33Na 11 22 0
34Na 11 23 0
35Na 11 24 0
36Na 11 25 0
37Na 11 26 0
#
16Ne 10 6 0
17Ne 10 7 0
18Ne 10 8 4
19Ne 10 9 13
20Ne 10 10 5
21Ne 10 11 36
22Ne 10 12 40
23Ne 10 13 13
24Ne 10 14 6
25Ne 10 15 0
26Ne 10 16 1
27Ne 10 17 2
28Ne 10 18 1
29Ne 10 19 0
30Ne 10 20 1
31Ne 10 21 0
32Ne 10 22 0
33Ne 10 23 0
34Ne 10 24 0
#
14F 9 5 0
15F 9 6 0
16F 9 7 0
17F 9 8 1
18F 9 9 25
19F 9 10 18
20F 9 11 40
21F 9 12 9
22F 9 13 0
23F 9 14 0
24F 9 15 0
25F 9 16 0
26F 9 17 0
27F 9 18 0
28F 9 19 0
29F 9 20 0
30F 9 21 0
31F 9 22 0
#
12O 8 4 0
13O 8 5 0
14O 8 6 0
15O 8 7 6
16O 8 8 5
17O 8 9 3
18O 8 10 15
19O 8 11 6
20O 8 12 1
21O 8 13 0
22O 8 14 1
23O 8 15 0
24O 8 16 0
25O 8 17 0
26O 8 18 0
27O 8 19 0
28O 8 20 0
#
10N 7 3 0
11N 7 4 0
12N 7 5 0
13N 7 6 0
14N 7 7 10
15N 7 8 16
16N 7 9 3
17N 7 10 16
18N 7 11 0
19N 7 12 0
20N 7 13 0
21N 7 14 0
22N 7 15 0
23N 7 16 0
24N 7 17 0
25N 7 18 0
#
8C 6 2 0
9C 6 3 0
10C 6 4 1
11C 6 5 10
12C 6 6 2
13C 6 7 3
14C 6 8 6
15C 6 9 1
16C 6 10 0
17C 6 11 0
18C 6 12 0
19C 6 13 0
20C 6 14 0
21C 6 15 0
22C 6 16 0
23C 6 17 0
#
6B 5 1 0
7B 5 2 0
8B 5 3 0
9B 5 4 0
10B 5 5 5
11B 5 6 10
12B 5 7 5
13B 5 8 5
14B 5 9 0
15B 5 10 0
16B 5 11 0
17B 5 12 0
18B 5 13 0
19B 5 14 0
20B 5 15 0
21B 5 16 0
#
5Be 4 1 0
6Be 4 2 0
7Be 4 3 1
8Be 4 4 0
9Be 4 5 0
10Be 4 6 4
11Be 4 7 1
12Be 4 8 0
13Be 4 9 0
14Be 4 10 0
15Be 4 11 0
16Be 4 12 0
#
3Li 3 0 0
4Li 3 1 0
5Li 3 2 0
6Li 3 3 0
7Li 3 4 1
8Li 3 5 1
9Li 3 6 0
10Li 3 7 0
11Li 3 8 0
12Li 3 9 0
13Li 3 10 0
#
3He 2 1 0
4He 2 2 0
5He 2 3 0
6He 2 4 0
7He 2 5 0
8He 2 6 0
9He 2 7 0
10He 2 8 0
#
1H 1 0 0
2H 1 1 0
3H 1 2 0
4H 1 3 0
5H 1 4 0
6H 1 5 0
7H 1 6 0
