32K 19 13 0
33K 19 14 0
34K 19 15 0
35K 19 16 0
36K 19 17 2
37K 19 18 8
38K 19 19 30
39K 19 20 40
40K 19 21 40
41K 19 22 40
42K 19 23 32
43K 19 24 28
44K 19 25 10
45K 19 26 5
46K 19 27 0
47K 19 28 2
48K 19 29 0
49K 19 30 5
50K 19 31 3
51K 19 32 0
52K 19 33 0
53K 19 34 0
54K 19 35 0
55K 19 36 0
56K 19 37 0
#
30Ar 18 12 0
31Ar 18 13 0
32Ar 18 14 1
33Ar 18 15 0
34Ar 18 16 6
35Ar 18 17 0
36Ar 18 18 40
37Ar 18 19 40
38Ar 18 20 40
39Ar 18 21 40
40Ar 18 22 40
41Ar 18 23 30
42Ar 18 24 17
43Ar 18 25 0
44Ar 18 26 7
45Ar 18 27 1
46Ar 18 28 1
47Ar 18 29 0
48Ar 18 30 0
49Ar 18 31 0
50Ar 18 32 0
51Ar 18 33 0
52Ar 18 34 0
53Ar 18 35 0
#
28Cl 17 11 0
29Cl 17 12 0
30Cl 17 13 0
31Cl 17 14 0
32Cl 17 15 30
33Cl 17 16 7
34Cl 17 17 40
35Cl 17 18 40
36Cl 17 19 40
37Cl 17 20 40
38Cl 17 21 12
39Cl 17 22 19
40Cl 17 23 17
41Cl 17 24 0
42Cl 17 25 0
43Cl 17 26 0
44Cl 17 27 1
45Cl 17 28 0
46Cl 17 29 0
47Cl 17 30 0
48Cl 17 31 0
49Cl 17 32 0
50Cl 17 33 0
51Cl 17 34 0
#
26S 16 10 0
27S 16 11 0
28S 16 12 1
29S 16 13 0
30S 16 14 7
31S 16 15 9
32S 16 16 40
33S 16 17 40
34S 16 18 40
35S 16 19 21
36S 16 20 23
37S 16 21 0
38S 16 22 3
39S 16 23 0
40S 16 24 1
41S 16 25 0
42S 16 26 1
43S 16 27 1
44S 16 28 2
45S 16 29 0
46S 16 30 0
47S 16 31 0
48S 16 32 0
49S 16 33 0
#
24P 15 9 0
25P 15 10 0
26P 15 11 0
27P 15 12 0
28P 15 13 7
29P 15 14 6
30P 15 15 40
31P 15 16 40
32P 15 17 40
33P 15 18 31
34P 15 19 34
35P 15 20 0
36P 15 21 0
37P 15 22 0
38P 15 23 0
39P 15 24 2
40P 15 25 0
41P 15 26 0
42P 15 27 0
43P 15 28 0
44P 15 29 0
45P 15 30 0
46P 15 31 0
47P 15 32 0
#
22Si 14 8 0
23Si 14 9 0
24Si 14 10 1
25Si 14 11 0
26Si 14 12 10
27Si 14 13 40
28Si 14 14 40
29Si 14 15 40
30Si 14 16 40
31Si 14 17 38
32Si 14 18 16
33Si 14 19 2
34Si 14 20 3
35Si 14 21 2
36Si 14 22 1
37Si 14 23 0
38Si 14 24 1
39Si 14 25 0
40Si 14 26 0
41Si 14 27 0
42Si 14 28 0
43Si 14 29 0
44Si 14 30 0
45Si 14 31 0
#
21Al 13 8 0
22Al 13 9 0
23Al 13 10 1
24Al 13 11 1
25Al 13 12 7
26Al 13 13 40
27Al 13 14 40
28Al 13 15 40
29Al 13 16 33
30Al 13 17 5
31Al 13 18 0
32Al 13 19 2
33Al 13 20 0
34Al 13 21 0
35Al 13 22 0
36Al 13 23 0
37Al 13 24 0
38Al 13 25 0
39Al 13 26 0
40Al 13 27 0
41Al 13 28 0
42Al 13 29 0
43Al 13 30 0
#
19Mg 12 7 0
20Mg 12 8 0
21Mg 12 9 0
22Mg 12 10 14
23Mg 12 11 40
24Mg 12 12 31
25Mg 12 13 40
26Mg 12 14 40
27Mg 12 15 31
28Mg 12 16 13
29Mg 12 17 4
30Mg 12 18 3
31Mg 12 19 3
32Mg 12 20 2
33Mg 12 21 0
34Mg 12 22 1
35Mg 12 23 0
36Mg 12 24 0
37Mg 12 25 0
38Mg 12 26 0
39Mg 12 27 0
40Mg 12 28 0
#
18Na 11 7 0
19Na 11 8 0
20Na 11 9 0
21Na 11 10 8
22Na 11 11 40
23Na 11 12 40
24Na 11 13 40
25Na 11 14 13
26Na 11 15 1
27Na 11 16 0
28Na 11 17 3
29Na 11 18 0
30Na 11 19 0
31Na 11 20 0
32Na 11 21 0
33Na 11 22 0
34Na 11 23 0
35Na 11 24 0
36Na 11 25 0
37Na 11 26 0
#
16Ne 10 6 0
17Ne 10 7 0
18Ne 10 8 4
19Ne 10 9 13
20Ne 10 10 5
21Ne 10 11 36
22Ne 10 12 40
23Ne 10 13 13
24Ne 10 14 6
25Ne 10 15 0
26Ne 10 16 1
27Ne 10 17 2
28Ne 10 18 1
29Ne 10 19 0
30Ne 10 20 1
31Ne 10 21 0
32Ne 10 22 0
33Ne 10 23 0
34Ne 10 24 0
#
14F 9 5 0
15F 9 6 0
16F 9 7 0
17F 9 8 1
18F 9 9 25
19F 9 10 18
20F 9 11 40
21F 9 12 9
22F 9 13 0
23F 9 14 0
24F 9 15 0
25F 9 16 0
26F 9 17 0
27F 9 18 0
28F 9 19 0
29F 9 20 0
30F 9 21 0
31F 9 22 0
#
12O 8 4 0
13O 8 5 0
14O 8 6 0
15O 8 7 6
16O 8 8 5
17O 8 9 3
18O 8 10 15
19O 8 11 6
20O 8 12 1
21O 8 13 0
22O 8 14 1
23O 8 15 0
24O 8 16 0
25O 8 17 0
26O 8 18 0
27O 8 19 0
28O 8 20 0
#
10N 7 3 0
11N 7 4 0
12N 7 5 0
13N 7 6 0
14N 7 7 10
15N 7 8 16
16N 7 9 3
17N 7 10 16
18N 7 11 0
19N 7 12 0
20N 7 13 0
21N 7 14 0
22N 7 15 0
23N 7 16 0
24N 7 17 0
25N 7 18 0
#
8C 6 2 0
9C 6 3 0
10C 6 4 1
11C 6 5 10
12C 6 6 2
13C 6 7 3
14C 6 8 6
15C 6 9 1
16C 6 10 0
17C 6 11 0
18C 6 12 0
19C 6 13 0
20C 6 14 0
21C 6 15 0
22C 6 16 0
23C 6 17 0
#
6B 5 1 0
7B 5 2 0
8B 5 3 0
9B 5 4 0
10B 5 5 5
11B 5 6 10
12B 5 7 5
13B 5 8 5
14B 5 9 0
15B 5 10 0
16B 5 11 0
17B 5 12 0
18B 5 13 0
19B 5 14 0
20B 5 15 0
21B 5 16 0
#
5Be 4 1 0
6Be 4 2 0
7Be 4 3 1
8Be 4 4 0
9Be 4 5 0
10Be 4 6 4
11Be 4 7 1
12Be 4 8 0
13Be 4 9 0
14Be 4 10 0
15Be 4 11 0
16Be 4 12 0
#
3Li 3 0 0
4Li 3 1 0
5Li 3 2 0
6Li 3 3 0
7Li 3 4 1
8Li 3 5 1
9Li 3 6 0
10Li 3 7 0
11Li 3 8 0
12Li 3 9 0
13Li 3 10 0
#
3He 2 1 0
4He 2 2 0
5He 2 3 0
6He 2 4 0
7He 2 5 0
8He 2 6 0
9He 2 7 0
10He 2 8 0
#
1H 1 0 0
2H 1 1 0
3H 1 2 0
4H 1 3 0
5H 1 4 0
6H 1 5 0
7H 1 6 0
